3,2
3,1
3,3
10,84
10,282
10,230
10,274
10,180
10,158
10,266
10,1
10,258
10,2
10,3
11,28
11,21
11,15
11,20
11,10
11,23
11,22
11,1
11,14
11,2
11,3
9,7
9,4
9,1
9,6
9,2
9,3
8,9
8,8
8,11
8,1
8,16
8,2
8,3
12,2
12,1
12,3
54,5
54,4
20,2
54,3
54,2
20,1
54,1
20,3
54,0
52,6
52,5
52,4
52,3
52,2
52,1
52,0
49,6
49,5
49,4
49,3
49,2
49,1
19,2
49,0
46,4
46,3
19,1
46,2
46,1
19,3
46,0
44,5
44,4
44,3
44,2
44,1
44,0
43,4
43,3
43,2
43,1
43,0
41,5
41,4
41,3
41,2
41,1
41,0
39,5
39,4
39,3
18,1
39,2
39,1
18,3
39,0
38,5
38,4
38,3
38,2
38,1
38,0
14,5
14,4
2,2
2,1
